0000000000001133
0000000000000133
0000000000001132
0000000000000132
0000000000000131
0000000000001131
0000000000001130
0000000000000130
0000000000000123
0000000000001123
0000000000000122
0000000000001122
0000000000001121
0000000000000121
0000000000001120
0000000000000120
0000000000001113
0000000000000113
0000000000000112
0000000000001112
0000000000000111
0000000000001111
0000000000000110
0000000000001110
0000000000000103
0000000000001103
0000000000001102
0000000000000102
0000000000000101
0000000000001101
0000000000000100
0000000000001100